 Plane Stress Analysis 
 --------------------- 
     NE    NN    ND    NL    NM 
      2     6     6     3     1 
 
  Node     X-Coord.         Y-Coord. 
   1      0.0000E+00      0.0000E+00 
   2      0.1000E+02      0.5000E+01 
   3      0.0000E+00      0.1000E+02 
   4      0.1000E+02      0.1000E+02 
   5      0.0000E+00      0.2000E+02 
   6      0.1000E+02      0.1500E+02 
 
  DOF#  Specified disp. 
   1     0.0000E+00 
   2     0.0000E+00 
   5     0.0000E+00 
   6     0.0000E+00 
   9     0.0000E+00 
  10     0.0000E+00 
 
  DOF#  Specified Load 
   3     0.1250E+03 
   7     0.2500E+03 
  11     0.1250E+03 
 
  Material#   E               Nu 
   1      0.3000E+05      0.3000E+00 
   Thickness =    1.000000     
 
  Element#  -------Nodes-------   Material# 
      1     1     2     4     3     1 
      2     3     4     6     5     1 
 
   The Half bandwidth is            8 
 
 NODE#      X-Displ        Y-Displ 
    1     0.1094E-06     0.6311E-07 
    2     0.9330E-02     0.1533E-02 
    3     0.3878E-06     0.3640E-13 
    4     0.1259E-01     0.2033E-08 
    5     0.1094E-06    -0.6311E-07 
    6     0.9330E-02    -0.1533E-02 
 
   DOF#    Reaction 
    1    -0.9018E+02 
    2    -0.5201E+02 
    5    -0.3196E+03 
    6    -0.3000E-04 
    9    -0.9018E+02 
   10     0.5201E+02 
 
 ELEM#    SX         SY         TXY        S1          S2   ANGLE SX->S1 
   1 0.3333E+02 0.6935E+01 0.3691E+01 0.3384E+02 0.6428E+01 0.7811E+01 
   2 0.3333E+02 0.6935E+01 -.3691E+01 0.3384E+02 0.6428E+01 -.7811E+01 

